1679,Walking,1370520469556,0.2941316,-0.6356053,-0.22693644;
1679,Walking,1370520469606,-0.49968776,-0.6044512,-0.22602014;
1679,Walking,1370520469656,-2.1783454,0.7134906,0.37201694;
1679,Walking,1370520469706,-2.7977629,1.3548992,-0.27763826;
1679,Walking,1370520469756,-2.1679606,-1.3277156,-0.5549711;
1679,Walking,1370520469806,-1.7348573,0.8185594,-0.16554448;
1679,Walking,1370520469856,-1.4639386,0.8359691,0.4111123;
1679,Walking,1370520469906,-0.9450085,1.0852021,0.39522982;
1679,Walking,1370520469956,0.18203785,0.28130344,0.5342017;
1679,Walking,1370520470006,0.9483683,0.07849618,0.5647449;
1679,Walking,1370520470056,1.6756034,-0.8579602,0.66889745;
1679,Walking,1370520470106,1.4010195,-1.3286319,0.4465425;
1679,Walking,1370520470156,-1.162782,0.9315695,-0.09621128;
1679,Walking,1370520470206,-0.2846632,0.19700404,-0.47158796;
1679,Walking,1370520470256,-0.3200934,-1.6398678,-0.07147124;
1679,Walking,1370520470306,1.3130548,-1.5134187,-0.6954701;
1679,Walking,1370520470356,1.6978999,-2.1248949,-0.11911872;
1679,Walking,1370520470406,1.7724255,-1.6646078,-0.43463063;
1679,Walking,1370520470456,2.3289237,-2.6535985,0.1301143;
1679,Walking,1370520470506,1.5464053,-1.754405,0.028099801;
1679,Walking,1370520470556,1.1114693,-0.6337727,-0.5109888;
1679,Walking,1370520470606,1.215011,-0.82894415,-0.6197228;
1679,Walking,1370520470656,0.9126327,-0.40378192,-0.67347896;
1679,Walking,1370520470706,0.21197024,-0.93187493,-0.37812558;
1679,Walking,1370520470756,0.31612277,-0.44959682,-0.029932396;
1679,Walking,1370520470806,0.2406809,-0.52442783,-0.23671028;
1679,Walking,1370520470856,-0.9465357,-0.19975294,0.1469131;
1679,Walking,1370520470906,-2.7345383,1.3381003,0.81122905;
1679,Walking,1370520470956,-2.7876835,0.7360926,-0.09254608;
1679,Walking,1370520471006,-2.4010057,-1.8188512,-0.1591304;
1679,Walking,1370520471152,-1.9908098,0.71868294,0.15057829;
1679,Walking,1370520471202,-1.566564,0.88178396,0.4642576;
1679,Walking,1370520471252,-0.73548174,0.75594574,0.35888332;
1679,Walking,1370520471302,0.6084218,-0.12736541,0.086132;
1679,Walking,1370520471352,1.640784,-0.61178154,0.18753563;
1679,Walking,1370520471402,1.2843442,-1.2644911,0.3903429;
1679,Walking,1370520471452,-1.1731668,1.0100657,-0.27488935;
1679,Walking,1370520471502,0.07360926,1.3720033,0.039095376;
1679,Walking,1370520471552,0.08246681,-1.6951511,-0.34391713;
1679,Walking,1370520471602,0.1872302,-1.3634512,-0.35216382;
1679,Walking,1370520471652,1.4813483,-1.9147571,-0.15577064;
1679,Walking,1370520471702,2.0045543,-2.6212227,-0.1337795;
1679,Walking,1370520471752,1.8689423,-0.3643811,-0.07391469;
1679,Walking,1370520471802,1.7660115,-3.3429601,-0.06658431;
1679,Walking,1370520471852,0.8924741,-0.3839288,-0.40591997;
1679,Walking,1370520471902,1.1114693,-1.9190332,-0.49388456;
1679,Walking,1370520471952,1.0512991,-0.25900686,-0.7067711;
1679,Walking,1370520472002,0.6218608,-1.0955868,-0.66156703;
1679,Walking,1370520472052,0.12889257,-0.9450085,-0.19456059;
1679,Walking,1370520472102,0.3643811,-0.46578476,-0.18020524;
1679,Walking,1370520472152,-0.013439035,-0.4465425,-0.29046643;
1679,Walking,1370520472202,-1.6276505,0.29932398,0.39064834;
1679,Walking,1370520472252,-2.9098566,1.2950343,0.47800204;
1679,Walking,1370520472302,-2.5708263,-0.34147367,-0.06352998;
1679,Walking,1370520472352,-2.1010711,-0.70738196,-0.093462385;
1679,Walking,1370520472402,-1.9688187,0.56077427,0.54641896;
1679,Walking,1370520472452,-1.3625349,1.0882565,0.60903263;
1679,Walking,1370520472502,-0.36132678,0.7761043,0.66767573;
1679,Walking,1370520472552,0.8200866,0.16890424,0.5503896;
1679,Walking,1370520472602,1.6927075,-0.86559606,0.7867944;
1679,Walking,1370520472652,0.66767573,-0.6423248,0.21624629;
1679,Walking,1370520472702,-1.0225884,1.6542231,-0.3036;
1679,Walking,1370520472752,0.19639318,1.2999213,0.019242255;
1679,Walking,1370520472802,-0.015882496,-1.4358387,-0.42760566;
1679,Walking,1370520472852,0.22815818,-1.097114,-0.1704314;
1679,Walking,1370520472902,1.6572775,-2.0861049,-0.35033122;
1679,Walking,1370520472952,1.9871446,-2.564107,-0.32620203;
1679,Walking,1370520473002,1.9025398,-0.65118235,-0.106901415;
1679,Walking,1370520473054,1.9361374,-2.6578746,0.042455133;
1679,Walking,1370520473115,1.01312,-0.7357872,-0.600786;
1679,Walking,1370520473165,1.2592987,-0.94225967,-0.69974613;
1679,Walking,1370520473215,0.893085,-0.29046643,-0.73884153;
1679,Walking,1370520473266,0.013744468,-1.1963795,-0.3036;
1679,Walking,1370520473316,0.2770274,-0.47311515,-0.15149458;
1679,Walking,1370520473368,0.22266038,-0.41386122,-0.23976462;
1679,Walking,1370520473418,-1.1007792,0.27275133,0.21991149;
1679,Walking,1370520473468,-2.595872,1.2843442,0.5815437;
1679,Walking,1370520473518,-2.7253752,0.8888089,-0.10995574;
1679,Walking,1370520473568,-2.24157,-1.7318029,0.16371189;
1679,Walking,1370520473619,-2.330451,1.8054122,0.6056729;
1679,Walking,1370520473669,-1.8026633,1.3573426,0.57787853;
1679,Walking,1370520473719,-0.8240572,1.325883,0.5705481;
1679,Walking,1370520473770,0.4560109,0.46822822,0.54275376;
1679,Walking,1370520473820,1.2605205,-0.1301143,0.66553766;
1679,Walking,1370520473871,1.9654589,-1.0754282,0.6221663;
1679,Walking,1370520473921,-0.96852684,0.2049453,-0.09132435;
1679,Walking,1370520473974,0.053145275,1.7715092,0.1872302;
1679,Walking,1370520474024,-0.124311075,-2.119397,-0.43554693;
1679,Walking,1370520474074,0.32467487,-0.677755,-0.070554934;
1679,Walking,1370520474124,1.8741345,-1.9837849,-0.41355577;
1679,Walking,1370520474174,2.0073032,-2.4468207,-0.44073927;
1679,Walking,1370520474225,1.9453003,0.7806858,0.17348573;
1679,Walking,1370520474275,1.9578232,-2.7296515,-0.11484267;
1679,Walking,1370520474325,1.1264355,-0.6001751,-0.6010914;
1679,Walking,1370520474375,1.4184291,-0.9624182,-0.74036866;
1679,Walking,1370520474425,0.79320854,-0.514654,-0.66156703;
1679,Walking,1370520474475,-0.02321288,-1.026559,-0.29352075;
1679,Walking,1370520474525,0.28496864,-0.36896262,-0.25137106;
1679,Walking,1370520474575,-0.17012598,-0.3659083,-0.040317107;
1679,Walking,1370520474627,-2.0054705,0.77213365,0.53878313;
1679,Walking,1370520474677,-2.9095511,1.7119498,0.43799037;
1679,Walking,1370520474727,-2.2681427,-1.2315043,0.34391713;
1679,Walking,1370520474777,-1.8710803,-0.48075095,0.4633413;
1679,Walking,1370520474827,-1.7696766,1.4251486,0.7693848;
1679,Walking,1370520474878,-1.3747523,1.6899587,0.73273283;
1679,Walking,1370520474928,-0.75441855,1.570229,0.77579886;
1679,Walking,1370520474978,0.70432764,0.5531385,0.7657196;
1679,Walking,1370520475028,1.6841555,-0.66645396,0.66553766;
1679,Walking,1370520475078,0.75777835,-0.5531385,-0.010995574;
1679,Walking,1370520475128,-0.9798279,2.5375342,0.063224554;
1679,Walking,1370520475178,0.010079277,0.30024028,-0.06169739;
1679,Walking,1370520475228,-0.35827246,-1.7302758,-0.37018433;
1679,Walking,1370520475278,0.8564331,-0.59406644,-0.42149702;
1679,Walking,1370520475328,2.3671029,-2.6090055,-0.10293079;
1679,Walking,1370520475378,1.8756617,-1.7003434,-0.16646078;
1679,Walking,1370520475428,2.005776,-1.534799,0.13622294;
1679,Walking,1370520475478,1.4822645,-1.676825,-0.3023783;
1679,Walking,1370520475528,1.1001683,-1.0757337,-0.5225952;
1679,Walking,1370520475578,1.047023,-1.0021244,-0.602924;
1679,Walking,1370520475628,0.795652,-0.36102137,-0.6899723;
1679,Walking,1370520475678,0.1826487,-0.67073005,-0.32711834;
1679,Walking,1370520475728,0.29565877,-0.3622431,-0.2180789;
1679,Walking,1370520475778,-0.44623706,-0.23945917,-0.129198;
1679,Walking,1370520475828,-2.2653937,1.0677924,0.7797695;
1679,Walking,1370520475878,-2.9529226,1.7925841,0.20952678;
1679,Walking,1370520475928,-2.425746,-1.1710287,0.2302962;
1679,Walking,1370520475978,-2.0289888,2.4055874,0.7834347;
1679,Walking,1370520476028,-1.6099354,1.7412714,0.9437868;
1679,Walking,1370520476078,-1.3878858,1.6572775,0.6774496;
1679,Walking,1370520476128,-0.13316862,0.9443977,0.52473325;
1679,Walking,1370520476178,0.9324858,0.3277292,0.6612616;
1679,Walking,1370520476228,1.9468275,-0.79473567,0.72234815;
1679,Walking,1370520476278,0.28099802,0.28955013,0.061391957;
1679,Walking,1370520476328,-0.6056729,1.7736472,0.269697;
1679,Walking,1370520476378,0.23701571,-1.7959439,-0.30879238;
1679,Walking,1370520476430,0.017104227,-0.84391034,-0.119729586;
1679,Walking,1370520476480,1.4874569,-2.104736,-0.37598756;
1679,Walking,1370520476530,2.0668626,-2.4297166,-0.22968534;
1679,Walking,1370520476580,1.9883664,0.88300574,0.22296582;
1679,Walking,1370520476637,1.6423112,-1.3536774,-0.33841935;
1679,Walking,1370520476687,1.3503176,-1.1328496,-0.7440339;
1679,Walking,1370520476737,1.2892311,-0.915687,-0.7770206;
1679,Walking,1370520476787,0.50579643,-0.7828238,-0.4642576;
1679,Walking,1370520476837,0.018936822,-0.8060367,-0.10354166;
1679,Walking,1370520476887,0.38973203,-0.30634892,-0.15027285;
1679,Walking,1370520476937,-0.30451632,-0.2782491,-0.15332718;
1679,Walking,1370520476987,-1.8655825,1.0665708,0.3924809;
1679,Walking,1370520477037,-3.1294627,1.9037615,0.56138515;
1679,Walking,1370520477087,-2.5793786,0.24495697,0.28405234;
1679,Walking,1370520477137,-1.7782288,0.8915578,0.48991394;
1679,Walking,1370520477187,-1.9504927,1.6554449,0.9282097;
1679,Walking,1370520477237,-1.5021176,1.287704,0.5320636;
1679,Walking,1370520477287,-0.47952923,0.8374963,0.49571714;
1679,Walking,1370520477337,1.0054842,0.09132435,0.56016344;
1679,Walking,1370520477387,2.0005836,-0.80939645,0.84207773;
1679,Walking,1370520477437,-0.02107485,0.09407325,0.009773844;
1679,Walking,1370520477487,-1.1814134,2.2540927,-0.006414085;
1679,Walking,1370520477537,0.25595254,-1.2186762,-0.267559;
1679,Walking,1370520477587,-0.5699373,-1.1325442,-0.3454443;
1679,Walking,1370520477637,0.97310835,-0.58093286,-0.32375857;
1679,Walking,1370520477687,2.2036965,-2.1352794,-0.34880406;
1679,Walking,1370520477737,2.0069978,-0.9440922,-0.1826487;
1679,Walking,1370520477787,2.0299053,-2.0173824,0.25289822;
1679,Walking,1370520477837,1.396438,-0.59040123,-0.33536503;
1679,Walking,1370520477887,1.3833044,-1.6679676,-0.63041294;
1679,Walking,1370520477937,1.1844677,-0.04337143,-0.9239337;
1679,Walking,1370520477987,0.7156286,-0.8399397,-0.57696223;
1679,Walking,1370520478037,0.13836098,-0.81061816,-0.18906279;
1679,Walking,1370520478087,0.20616703,-0.31520647,-0.2761111;
1679,Walking,1370520478137,-0.90377516,0.10415252,0.11209377;
1679,Walking,1370520478187,-2.8075366,1.7104226,0.8200866;
1679,Walking,1370520478237,-2.8609874,1.4453071,-0.1554652;
1679,Walking,1370520478287,-2.2369885,-1.9917262,0.20219639;
1679,Walking,1370520478337,-2.6511552,2.214081,0.6899723;
1679,Walking,1370520478387,-1.7889189,1.6505579,0.9419542;
1679,Walking,1370520478437,-1.1863003,1.8374827,0.6979135;
1679,Walking,1370520478487,0.38545597,0.6957755,0.5888741;
1679,Walking,1370520478537,1.3946054,-0.21838433,0.56779927;
1679,Walking,1370520478587,2.4529295,-1.4480561,0.12461651;
1679,Walking,1370520478637,-1.452943,1.3029755,-0.13500121;
1679,Walking,1370520478687,-0.26419923,1.566564,0.20647246;
1679,Walking,1370520478737,0.33322698,-2.440712,-0.43951756;
1679,Walking,1370520478787,0.2321288,-0.06536258,0.0143553335;
1679,Walking,1370520478837,2.0986276,-2.2727242,-0.41386122;
1679,Walking,1370520478887,1.7595973,-0.89736104,-0.08246681;
1679,Walking,1370520478937,1.8170186,-1.1508701,0.36285394;
1679,Walking,1370520478987,1.416902,-1.2425,-0.22602014;
1679,Walking,1370520479037,1.303281,-1.6698002,-0.4981606;
1679,Walking,1370520479087,1.2247849,-0.37110063,-0.6844745;
1679,Walking,1370520479137,0.9257663,-0.41172317,-0.625526;
1679,Walking,1370520479187,-0.006414085,-0.7724391,-0.2125811;
1679,Walking,1370520479237,0.32559118,-0.22907446,-0.16432275;
1679,Walking,1370520479287,-0.28588495,-0.19547687,-0.04520403;
1679,Walking,1370520479337,-2.068695,0.9440922,0.7128797;
1679,Walking,1370520479387,-2.9150488,1.8301523,0.19547687;
1679,Walking,1370520479437,-2.5344799,-1.4627168,0.15577064;
1679,Walking,1370520479487,-1.9016235,1.3225232,0.26847526;
1679,Walking,1370520479538,-1.7174476,1.0699304,0.8723156;
1679,Walking,1370520479588,-1.3292428,1.4440855,0.56779927;
1679,Walking,1370520479638,0.0036651916,0.86498517,0.5665775;
1679,Walking,1370520479688,1.196685,0.17470746,0.55955255;
1679,Walking,1370520479738,2.2000313,-0.9138544,0.7244862;
1679,Walking,1370520479788,-0.3100141,0.46578476,0.18020524;
1679,Walking,1370520479838,-0.87598073,1.6368134,0.15821409;
1679,Walking,1370520479888,0.083383106,0.064446285,-0.23487769;
1679,Walking,1370520479938,-0.5751296,-1.2886202,-0.040011674;
1679,Walking,1370520479988,1.2718215,-0.569021,-0.25900686;
1679,Walking,1370520480038,2.1209242,-2.4770586,-0.453262;
1679,Walking,1370520480088,2.0024164,-1.3704761,0.08674286;
1679,Walking,1370520480138,2.3307564,-3.2155948,0.14905111;
1679,Walking,1370520480188,1.2379184,-0.9981538,-0.2565634;
1679,Walking,1370520480238,1.2021828,-1.8347337,-0.42638394;
1679,Walking,1370520480288,0.88331115,-0.83291477,-0.42363504;
1679,Walking,1370520480338,0.60231316,-1.2223413,-0.45020768;
1679,Walking,1370520480388,0.14782938,-0.97494096,-0.1704314;
1679,Walking,1370520480438,0.009468411,-0.94989544,-0.093767814;
1679,Walking,1370520480488,-1.0888673,-0.7696902,0.11362094;
1679,Walking,1370520480538,-2.898861,0.3023783,0.51068336;
1679,Walking,1370520480588,-2.5363126,-0.21227567,-0.46303585;
1679,Walking,1370520480638,-2.1325307,-1.3994923,-0.59986967;
1679,Walking,1370520480688,-1.5735888,-0.27397305,-0.29932398;
1679,Walking,1370520480738,-1.0412198,0.21471913,0.14538592;
1679,Walking,1370520480788,-0.3903429,0.37659842,0.12889257;
1679,Walking,1370520480838,0.74464476,-0.29932398,0.18142697;
1679,Walking,1370520480888,1.6969837,-0.5861252,0.6432411;
1679,Walking,1370520480938,0.6392705,-1.1866057,0.75411314;
1679,Walking,1370520480988,-0.82527894,1.069625,-0.059864793;
1679,Walking,1370520481038,0.11301007,1.153619,-0.14049901;
1679,Walking,1370520481088,0.124005646,-2.019826,-0.36957347;
1679,Walking,1370520481138,-0.053450707,-0.77549344,-0.42852196;
1679,Walking,1370520481188,1.3017539,-1.3420709,-0.42638394;
1679,Walking,1370520481238,1.881465,-3.265991,-0.28221974;
1679,Walking,1370520481288,1.856114,-1.8945986,0.08582657;
1679,Walking,1370520481338,1.5180001,-2.150551,-0.33261612;
1679,Walking,1370520481388,1.1285735,-0.82833326,-0.63255095;
1679,Walking,1370520481438,1.0965031,-0.72601336,-0.67256266;
1679,Walking,1370520481488,0.7834347,-0.56230146,-0.60048056;
1679,Walking,1370520481538,0.05100725,-0.7883216,-0.3005457;
1679,Walking,1370520481588,0.16676621,-0.6206391,-0.0711658;
1679,Walking,1370520481638,0.13194689,-0.5555819,-0.13439035;
1679,Walking,1370520481688,-1.1154399,0.0076358155,0.321926;
1679,Walking,1370520481738,-2.8955014,1.2745703,0.47128254;
1679,Walking,1370520481788,-2.6074784,0.35827246,-0.2828306;
1679,Walking,1370520481838,-1.8182404,-2.908635,-0.2657264;
1679,Walking,1370520481888,-2.0048597,1.1914927,0.084910266;
1679,Walking,1370520481938,-1.14018,1.0598512,0.3998113;
1679,Walking,1370520481988,-0.61117065,1.29198,0.46761733;
1679,Walking,1370520482038,0.56596667,0.04917465,0.56688297;
1679,Walking,1370520482088,1.2696834,-0.54275376,0.75991637;
1679,Walking,1370520482138,1.8435913,-1.312444,0.88025683;
1679,Walking,1370520482188,-1.0210613,0.24098633,-0.037873644;
1679,Walking,1370520482238,-0.14172074,1.255328,-0.38331795;
1679,Walking,1370520482288,0.5849035,-2.0564778,-0.26083946;
1679,Walking,1370520482338,-0.45753807,-0.5687156,-0.65179324;
1679,Walking,1370520482390,1.5231925,-2.144748,-0.4034765;
1679,Walking,1370520482440,2.0485365,-3.8881574,-0.22907446;
1679,Walking,1370520482490,1.7935003,-1.0742066,0.08674286;
1679,Walking,1370520482544,2.0295997,-4.241543,0.03970624;
1679,Walking,1370520482594,1.0216721,-0.8958339,-0.4343252;
1679,Walking,1370520482644,1.1847731,-1.6658295,-0.5384777;
1679,Walking,1370520482694,0.83108217,-0.45998153,-0.6392705;
1679,Walking,1370520482744,0.098043874,-1.1527027,-0.33658674;
1679,Walking,1370520482794,0.0070249503,-0.3173445,-0.34422258;
1679,Walking,1370520482844,0.055588737,-0.7244862,-0.16432275;
1679,Walking,1370520482894,-1.5968018,-0.26206118,0.46944994;
1679,Walking,1370520482944,-2.8377745,1.0534371,0.55924714;
1679,Walking,1370520482995,-2.437047,-0.4700608,-0.23426682;
1679,Walking,1370520483045,-2.2275202,-1.6371188,-0.12522738;
1679,Walking,1370520483095,-2.0809124,0.7779369,0.24801129;
1679,Walking,1370520483145,-1.6203201,1.1847731,0.34880406;
1679,Walking,1370520483195,-0.43951756,0.9639453,0.50488013;
1679,Walking,1370520483245,0.713796,0.17715092,0.4654793;
1679,Walking,1370520483295,1.5228871,-1.2409728,0.62888575;
1679,Walking,1370520483345,0.35979962,-0.3830125,-0.096516706;
1679,Walking,1370520483396,-0.49938235,1.4385877,-0.03756821;
1679,Walking,1370520483446,0.20616703,0.3368922,0.08827003;
1679,Walking,1370520483496,-0.19700404,-2.065641,0.0421497;
1679,Walking,1370520483546,0.6835582,-0.7351763,-0.32070425;
1679,Walking,1370520483596,2.0641136,-2.7363708,-0.1731803;
1679,Walking,1370520483647,1.8051068,-0.8927795,-0.35002577;
1679,Walking,1370520483697,2.1050417,-2.5185974,-0.1881465;
1679,Walking,1370520483747,1.387275,-0.44929138,-0.20189096;
1679,Walking,1370520483797,1.2589933,-1.0891727,-0.61208695;
1679,Walking,1370520483847,1.2165382,-0.37568212,-0.77091193;
1679,Walking,1370520483897,0.88422745,-0.9868528,-0.70463306;
1679,Walking,1370520483947,0.183565,-1.1777482,-0.35002577;
1679,Walking,1370520483997,0.37720928,-0.55924714,-0.20922135;
1679,Walking,1370520484048,-0.03604105,-0.2648101,-0.14630222;
1679,Walking,1370520484098,-1.6249015,0.8023715,0.5644395;
1679,Walking,1370520484148,-2.919936,2.0195205,0.52106804;
1679,Walking,1370520484198,-2.6481009,-0.39614612,0.21899518;
1679,Walking,1370520484248,-2.0289888,-0.58246,0.52198434;
1679,Walking,1370520484298,-2.2681427,1.8500054,0.8567385;
1679,Walking,1370520484348,-1.8952094,1.5891659,0.58123827;
1679,Walking,1370520484398,-0.6252206,1.133155,0.48563787;
1679,Walking,1370520484449,0.52626044,0.28955013,0.3943135;
1679,Walking,1370520484499,1.6084082,-0.4718934,0.61178154;
1679,Walking,1370520484549,1.4892895,-0.81092364,0.45845437;
1679,Walking,1370520484599,-1.3891076,1.2748758,-0.1826487;
1679,Walking,1370520484649,0.24953845,0.81153446,-0.11301007;
1679,Walking,1370520484699,-0.10720685,-1.9532416,-0.39920044;
1679,Walking,1370520484749,0.5363397,-0.80909103,-0.16310102;
1679,Walking,1370520484799,1.924531,-2.4208589,-0.19792034;
1679,Walking,1370520484852,2.0916026,-2.1444426,-0.24831672;
1679,Walking,1370520484902,1.8493946,-0.8503244,0.015882496;
1679,Walking,1370520484952,1.8170186,-2.5815165,-0.15424347;
1679,Walking,1370520485002,1.0919216,-1.1612549,-0.4914411;
1679,Walking,1370520485052,1.2614367,-1.3057245,-0.6218608;
1679,Walking,1370520485102,0.9639453,-0.40439278,-0.77366084;
1679,Walking,1370520485152,0.20952678,-0.93187493,-0.30543262;
1679,Walking,1370520485202,0.35918877,-0.25534168,-0.16371189;
1679,Walking,1370520485252,0.0076358155,-0.3753767,-0.22907446;
1679,Walking,1370520485302,-1.7672331,0.6404922,0.49235737;
1679,Walking,1370520485352,-2.9177978,1.7400496,0.22876903;
1679,Walking,1370520485402,-2.5631905,-1.071763,0.007330383;
1679,Walking,1370520485452,-2.2687535,-0.12736541,0.1695151;
1679,Walking,1370520485502,-1.6102408,0.98990715,0.79443026;
1679,Walking,1370520485552,-1.597718,1.1322387,0.6588182;
1679,Walking,1370520485602,-0.4071417,0.95478237,0.5870415;
1679,Walking,1370520485652,0.6927212,0.4352415,0.45845437;
1679,Walking,1370520485702,1.8084666,-0.43585235,0.7110472;
1679,Walking,1370520485752,1.1481212,-0.81306165,0.02565634;
1679,Walking,1370520485802,-1.3741413,1.9639318,0.09315695;
1679,Walking,1370520485852,0.226631,-0.84391034,-0.067500606;
1679,Walking,1370520485902,-0.2134974,-1.6820174,-0.48288897;
1679,Walking,1370520485952,1.0858129,-0.98990715,-0.27947086;
1679,Walking,1370520486002,2.313652,-2.2467623,-0.25350907;
1679,Walking,1370520486053,1.9004018,-1.7009543,-0.37873647;
1679,Walking,1370520486103,1.8286251,-1.4639386,0.15363261;
1679,Walking,1370520486153,1.4709635,-0.9987647,-0.30787608;
1679,Walking,1370520486208,1.5668694,-1.8026633,-0.58032197;
1679,Walking,1370520486258,1.0363328,0.09254608,-0.8539896;
1679,Walking,1370520486308,0.46273044,-1.1264355,-0.52412236;
1679,Walking,1370520486358,0.25900686,-0.5155703,-0.22999077;
1679,Walking,1370520486408,0.043066,-0.6423248,-0.2434298;
1679,Walking,1370520486458,-1.3081679,0.064751714,0.3378085;
1679,Walking,1370520486509,-2.8225029,1.5613716,0.9166033;
1679,Walking,1370520486559,-2.7641652,1.2672399,-0.2666427;
1679,Walking,1370520486611,-2.3457224,-0.63071835,0.1853976;
1679,Walking,1370520486661,-2.0314324,1.9523253,1.0589349;
1679,Walking,1370520486711,-1.8787161,1.8863518,0.66920286;
1679,Walking,1370520486761,-0.72021013,1.4126259,0.6609562;
1679,Walking,1370520486811,0.6301075,0.42638394,0.5910121;
1679,Walking,1370520486861,1.4709635,-0.36682457,0.7724391;
1679,Walking,1370520486911,1.6688838,-0.61269784,0.2947425;
1679,Walking,1370520486961,-1.6395624,2.2079725,0.10262536;
1679,Walking,1370520487011,0.30757064,0.6768387,0.099265605;
1679,Walking,1370520487061,0.24251351,-1.5222762,-0.19303341;
1679,Walking,1370520487111,0.3811799,0.18387043,-0.32498032;
1679,Walking,1370520487161,1.890017,-2.4181101,-0.29016098;
1679,Walking,1370520487211,2.0879374,-1.6200147,-0.25534168;
1679,Walking,1370520487261,1.8176296,0.4279111,0.27214047;
1679,Walking,1370520487311,1.8891008,-1.6071864,-0.16798794;
1679,Walking,1370520487361,1.4453071,-1.0479393,-0.6637051;
1679,Walking,1370520487411,1.3399329,-0.6621779,-0.75747293;
1679,Walking,1370520487461,0.9089675,-0.28802297,-0.68661255;
1679,Walking,1370520487511,0.17440203,-0.8323039,-0.18997909;
1679,Walking,1370520487564,0.17379116,-0.2950479,-0.28252518;
1679,Walking,1370520487614,-1.0412198,-0.2012801,0.28527406;
1679,Walking,1370520487664,-2.6612344,1.5039502,0.8472701;
1679,Walking,1370520487714,-2.6801713,1.1847731,-0.36560285;
1679,Walking,1370520487764,-2.378404,-1.7397442,0.058948494;
1679,Walking,1370520487814,-2.3383923,1.8619173,0.729984;
1679,Walking,1370520487864,-1.6279559,1.6102408,0.94806284;
1679,Walking,1370520487914,-1.0845913,1.6065756,0.73792523;
1679,Walking,1370520487964,0.23487769,0.73426,0.6395759;
1679,Walking,1370520488014,1.3179418,0.05589417,0.6921103;
1679,Walking,1370520488064,2.07572,-0.65118235,0.45753807;
1679,Walking,1370520488114,-1.2932017,1.4123205,-0.049785517;
1679,Walking,1370520488164,0.04153884,0.8588765,-0.014049901;
1679,Walking,1370520488214,-0.34574974,-1.9679024,-0.45723262;
1679,Walking,1370520488264,1.0534371,-0.05681047,-0.1255328;
1679,Walking,1370520488314,2.218968,-2.5625796,-0.2770274;
1679,Walking,1370520488364,2.357329,-1.8008307,-0.31948254;
1679,Walking,1370520488414,1.8790215,-0.28099802,0.24923302;
1679,Walking,1370520488464,1.7131716,-2.3732114,-0.312763;
1679,Walking,1370520488514,1.1979067,-1.0253373,-0.59803706;
1679,Walking,1370520488564,1.2916746,-0.7504479,-0.73761976;
1679,Walking,1370520488615,0.65576386,-0.8206975,-0.55680364;
1679,Walking,1370520488665,0.057421334,-0.9477574,-0.22693644;
1679,Walking,1370520488715,0.11209377,-0.48288897,-0.24281894;
1679,Walking,1370520488765,-1.4477507,0.39064834,0.3390302;
1679,Walking,1370520488815,-3.130379,1.8402315,0.7761043;
1679,Walking,1370520488865,-2.748588,1.3298537,-0.2452624;
1679,Walking,1370520488915,-2.3130412,-1.3927728,0.1414153;
1679,Walking,1370520488965,-2.1743748,1.9123137,1.0720685;
1679,Walking,1370520489016,-1.6862935,1.8625281,0.93431836;
1679,Walking,1370520489066,-0.68936145,1.3536774,0.8368854;
1679,Walking,1370520489116,0.52656585,0.45875978,0.50823987;
1679,Walking,1370520489166,1.3460416,-0.065973446,0.61727935;
1679,Walking,1370520489216,1.8393153,-0.5907067,0.20219639;
1679,Walking,1370520489266,-1.4016303,1.7458528,0.03023783;
1679,Walking,1370520489316,0.27916542,0.8594874,0.15271631;
1679,Walking,1370520489366,-0.37965274,-1.1392636,-0.22785273;
1679,Walking,1370520489416,0.8005389,0.2275473,-0.12583824;
1679,Walking,1370520489466,1.7931949,-1.9010127,-0.37201694;
1679,Walking,1370520489516,2.2107213,-2.0137172,-0.20555615;
1679,Walking,1370520489566,1.597718,0.75686204,0.12308934;
1679,Walking,1370520489616,1.8102992,-2.7550023,-0.24770586;
1679,Walking,1370520489665,1.1734722,-1.0592403,-0.40286562;
1679,Walking,1370520489715,1.1071932,-0.10598512,-0.54702985;
1679,Walking,1370520489765,0.70005155,-0.743423,-0.5635232;
1679,Walking,1370520489815,0.2003638,-0.6301075,-0.3323107;
1679,Walking,1370520489865,0.30451632,-0.47769663,-0.14874569;
1679,Walking,1370520489915,-0.7742717,-0.3368922,0.022602014;
1679,Walking,1370520489965,-2.4471262,1.1157454,0.8353582;
1679,Walking,1370520490015,-2.808453,1.813659,-0.18051068;
1679,Walking,1370520490065,-2.39337,-1.717753,-0.02443461;
1679,Walking,1370520490115,-2.079996,1.6975945,0.70616025;
1679,Walking,1370520490165,-1.5491543,1.6630806,0.95569867;
1679,Walking,1370520490215,-1.1090258,1.5943583,0.65240407;
1679,Walking,1370520490265,-0.10598512,0.9120218,0.46517387;
1679,Walking,1370520490315,1.103528,0.23304509,0.6398814;
1679,Walking,1370520490365,2.1707096,-0.8237518,0.9098838;
1679,Walking,1370520490416,-1.2379184,0.8231409,0.12339478;
1679,Walking,1370520490466,-0.099571034,1.1029172,0.18967366;
1679,Walking,1370520490516,0.21410827,-1.8973475,-0.47800204;
1679,Walking,1370520490566,-0.5522222,-0.5021312,-0.20586158;
1679,Walking,1370520490616,1.3640621,-1.7162259,-0.5354234;
1679,Walking,1370520490666,2.5057693,-3.1282408,-0.43860126;
1679,Walking,1370520490716,1.5809193,0.84421575,0.24373524;
1679,Walking,1370520490769,2.4394903,-3.7088683,0.06291912;
1679,Walking,1370520490819,1.0827587,-0.9804387,-0.4269948;
1679,Walking,1370520490869,1.2519683,-1.9520199,-0.71837753;
1679,Walking,1370520490919,1.047023,-1.1081096,-0.6649268;
1679,Walking,1370520490969,0.10262536,-1.0720685,-0.17562376;
1679,Walking,1370520491020,0.09896017,-0.65668017,-0.15515977;
1679,Walking,1370520491070,-0.516792,-0.7275405,0.11484267;
1679,Walking,1370520491120,-2.1184807,0.041233405,0.75961095;
1679,Walking,1370520491170,-2.95109,1.0045679,0.020463986;
1679,Walking,1370520491220,-2.574186,-2.2983804,-0.6591236;
1679,Walking,1370520491270,-2.3289237,0.5525276,-0.25686884;
1679,Walking,1370520491320,-1.3503176,0.21655174,0.20555615;
1679,Walking,1370520491370,-0.895223,0.61819565,0.301462;
1679,Walking,1370520491420,0.16646078,0.1872302,0.3894266;
1679,Walking,1370520491470,1.0430524,-0.17470746,0.3173445;
1679,Walking,1370520491520,2.085494,-0.81122905,1.0241156;
1679,Walking,1370520491570,-0.15668693,-0.49021935,0.42424592;
1679,Walking,1370520491620,-0.42424592,1.7119498,-0.21319197;
1679,Walking,1370520491673,0.17715092,-0.9602802,-0.21930063;
1679,Walking,1370520491723,-0.36835176,-1.638646,-0.4370741;
1679,Walking,1370520491774,0.979217,-1.0390818,-0.45570546;
1679,Walking,1370520491824,2.3176227,-3.647171,-0.3304781;
1679,Walking,1370520491874,1.7931949,-1.2547172,-0.13836098;
1679,Walking,1370520491924,2.3362541,-3.6975672,0.03176499;
1679,Walking,1370520491974,0.8756753,-0.57757306,-0.39492437;
1679,Walking,1370520492024,1.4117095,-2.9791899,-0.4251622;
1679,Walking,1370520492074,0.9932669,-1.1921035,-0.79259765;
1679,Walking,1370520492124,0.39584067,-1.0311406,-0.5699373;
1679,Walking,1370520492176,0.055588737,-0.6966918,-0.2666427;
1679,Walking,1370520492226,0.112399206,-0.47647488,-0.21777347;
1679,Walking,1370520492276,-0.93584555,-0.5271767,0.39095375;
1679,Walking,1370520492326,-2.5552492,0.6621779,0.6411031;
1679,Walking,1370520492376,-2.9040534,0.52870387,-0.5012149;
1679,Walking,1370520492427,-2.339614,-0.90377516,-0.30726522;
1679,Walking,1370520492477,-2.0882428,0.73945236,0.22357668;
1679,Walking,1370520492527,-1.57084,1.0250319,0.40133846;
1679,Walking,1370520492579,-0.8604037,0.95417154,0.3915646;
1679,Walking,1370520492629,0.41874814,0.24007004,0.34330627;
1679,Walking,1370520492679,1.0965031,0.098043874,0.59650993;
1679,Walking,1370520492729,1.7724255,-0.63407815,0.82436264;
1679,Walking,1370520492779,-0.8524625,0.8414669,0.17898351;
1679,Walking,1370520492830,0.05100725,0.88789266,-0.116980694;
1679,Walking,1370520492880,-0.21227567,-2.0476203,-0.3371976;
1679,Walking,1370520492930,0.505491,-0.91538155,-0.42180246;
1679,Walking,1370520492980,1.9159788,-2.5815165,-0.3827071;
1679,Walking,1370520493030,2.303573,-2.5680776,-0.4792238;
1679,Walking,1370520493080,2.1273382,-1.582141,0.12858713;
1679,Walking,1370520493130,1.627345,-2.482251,-0.22999077;
1679,Walking,1370520493180,1.1029172,-1.0931433,-0.5381723;
1679,Walking,1370520493230,1.1856894,-0.75655663,-0.74128497;
1679,Walking,1370520493280,0.874759,-0.96852684,-0.61544675;
1679,Walking,1370520493330,0.1301143,-0.83260936,-0.3652974;
1679,Walking,1370520493380,0.21594086,-0.31215215,-0.18997909;
1679,Walking,1370520493430,-0.14996742,-0.3631594,-0.25961772;
1679,Walking,1370520493480,-1.4697418,0.24709499,0.38606682;
1679,Walking,1370520493530,-2.807842,1.2861768,0.51893;
1679,Walking,1370520493580,-2.5375342,-0.9184359,0.011301007;
1679,Walking,1370520493630,-2.2901337,0.032986723,0.34666604;
1679,Walking,1370520493680,-1.9278907,1.3833044,0.7263188;
1679,Walking,1370520493730,-1.5986344,1.0974194,0.61636305;
1679,Walking,1370520493780,-0.45570546,0.8762862,0.6618725;
1679,Walking,1370520493830,0.5384777,0.65209866,0.3631594;
1679,Walking,1370520493880,1.4147639,-0.33017266,0.5934556;
1679,Walking,1370520493930,0.6365216,-0.6038403,0.321926;
1679,Walking,1370520493980,-1.1249083,1.851838,-0.18081611;
1679,Walking,1370520494030,0.3494149,0.97035944,0.047647487;
1679,Walking,1370520494080,-0.21502456,-1.3933836,-0.2144137;
1679,Walking,1370520494130,0.52687126,-0.6041457,-0.32070425;
1679,Walking,1370520494180,2.0540345,-2.436436,-0.14477506;
1679,Walking,1370520494230,2.4565945,-2.32984,-0.34513888;
1679,Walking,1370520494280,1.7385225,-0.21624629,0.23090707;
1679,Walking,1370520494330,2.0442605,-3.8050797,-0.16126843;
1679,Walking,1370520494380,0.93828905,-1.0091494,-0.42180246;
1679,Walking,1370520494430,1.2638801,-2.1423044,-0.5705481;
1679,Walking,1370520494480,1.0073168,-1.0158689,-0.74067414;
1679,Walking,1370520494530,0.22907446,-1.3002267,-0.29535335;
1679,Walking,1370520494580,0.14446963,-0.7254025,-0.09865474;
1679,Walking,1370520494630,0.09437868,-0.5919284,-0.13652839;
1679,Walking,1370520494680,-1.273654,-0.23671028,0.44012842;
1679,Walking,1370520494730,-2.8643472,1.0638218,0.42913285;
1679,Walking,1370520494780,-2.6551259,-0.4202753,-0.16554448;
1679,Walking,1370520494830,-2.0900755,-1.3671165,-0.12675454;
1679,Walking,1370520494880,-1.8072448,0.21533,0.26908615;
1679,Walking,1370520494930,-1.4300356,0.75228053,0.25167647;
1679,Walking,1370520494980,-0.408058,0.70432764,0.30818152;
1679,Walking,1370520495030,0.7467828,0.06291912,0.29993483;
1679,Walking,1370520495080,1.8897116,-0.88147855,0.8781188;
1679,Walking,1370520495130,0.9984592,-0.7470882,0.61178154;
1679,Walking,1370520495180,-0.7855727,1.509448,-0.053145275;
1679,Walking,1370520495230,0.39645153,-0.27916542,-0.10048734;
1679,Walking,1370520495280,-0.07941248,-1.565953,-0.49541172;
1679,Walking,1370520495330,0.5852089,-0.74128497,-0.5891795;
1679,Walking,1370520495380,2.309376,-3.549127,-0.40591997;
1679,Walking,1370520495430,1.8005253,-2.4859161,-0.33964106;
1679,Walking,1370520495480,1.890017,-2.1832323,0.055283304;
1679,Walking,1370520495531,1.0635164,-0.7012733,-0.44318274;
1679,Walking,1370520495581,1.3405437,-2.438574,-0.5861252;
1679,Walking,1370520495631,1.0797043,-0.45998153,-0.8155051;
1679,Walking,1370520495681,0.6533204,-0.7867944,-0.6435465;
1679,Walking,1370520495731,0.05589417,-0.65270954,-0.30085114;
1679,Walking,1370520495783,0.17562376,-0.52412236,-0.2828306;
1679,Walking,1370520495833,-0.9309586,-0.21685717,0.13561209;
1679,Walking,1370520495883,-2.4657576,1.0928379,0.6618725;
1679,Walking,1370520495933,-2.9061913,1.6337591,-0.22479841;
1679,Walking,1370520495983,-2.3160956,-1.7617353,-0.19700404;
1679,Walking,1370520496033,-1.883603,1.599856,0.65148777;
1679,Walking,1370520496083,-1.6756034,1.3057245,0.9221011;
1679,Walking,1370520496133,-0.9718866,1.5436565,0.59681535;
1679,Walking,1370520496184,0.05955936,0.72112644,0.4279111;
1679,Walking,1370520496234,1.2030991,0.21777347,0.59528816;
1679,Walking,1370520496287,1.6847663,-1.0140363,0.6239988;
1679,Walking,1370520496337,-1.9251418,1.5763378,-0.06536258;
1679,Walking,1370520496387,0.13805555,1.1630874,-0.10934488;
1679,Walking,1370520496437,-0.47647488,-1.704925,-0.2929099;
1679,Walking,1370520496487,0.91538155,-0.28130344,-0.46731192;
1679,Walking,1370520496537,2.0216584,-2.3848178,-0.21319197;
1679,Walking,1370520496587,2.3857343,-2.0998492,-0.5018258;
1679,Walking,1370520496637,1.960572,0.37018433,0.20738874;
1679,Walking,1370520496687,1.9285016,-2.3652701,-0.27855456;
1679,Walking,1370520496737,1.361924,-1.5030339,-0.6899723;
1679,Walking,1370520496787,0.98990715,-0.20677789,-0.8772025;
1679,Walking,1370520496837,0.48991394,-1.0965031,-0.47616947;
1679,Walking,1370520496887,0.14630222,-0.6627888,-0.2003638;
1679,Walking,1370520496937,0.2660318,-0.24678956,-0.26083946;
1679,Walking,1370520496987,-0.8179486,-0.05222898,0.09040806;
1679,Walking,1370520497037,-2.715296,1.1453724,0.66645396;
1679,Walking,1370520497088,-2.6639833,0.9104946,-0.24953845;
1679,Walking,1370520497138,-2.281887,-1.5760323,0.069027774;
1679,Walking,1370520497191,-1.9758437,1.994475,0.6114761;
1679,Walking,1370520497241,-1.5457945,1.1982121,0.8552113;
1679,Walking,1370520497293,-0.70707655,1.3536774,0.7312057;
1679,Walking,1370520497343,0.40622538,0.73456544,0.65576386;
1679,Walking,1370520497393,1.1872166,-0.08827003,0.90469146;
1679,Walking,1370520497444,1.1731668,-0.6722572,0.3203988;
1679,Walking,1370520497494,-1.3023647,2.1285598,-0.01740966;
1679,Walking,1370520497544,0.10140363,-0.32559118,-0.16982053;
1679,Walking,1370520497594,-0.23335053,-1.4880677,-0.25259277;
1679,Walking,1370520497644,0.659429,-0.20066923,-0.6310238;
1679,Walking,1370520497694,2.2681427,-2.4147503,-0.14538592;
1679,Walking,1370520497744,2.0073032,-0.8933904,-0.25778514;
1679,Walking,1370520497794,2.4061983,-2.058616,0.28038713;
1679,Walking,1370520497844,1.4657712,-0.22296582,-0.3717115;
1679,Walking,1370520497894,1.6548339,-1.4712689,-0.8155051;
1679,Walking,1370520497944,1.1588113,0.21013765,-0.9272934;
1679,Walking,1370520497994,0.41599923,-1.0735956,-0.31031954;
1679,Walking,1370520498044,0.13469578,-0.36987892,-0.17256944;
1679,Walking,1370520498094,0.099571034,-0.550695,-0.20616703;
1679,Walking,1370520498144,-1.3631458,0.16065755,0.37720928;
1679,Walking,1370520498194,-2.9697213,1.5008959,0.77182823;
1679,Walking,1370520498244,-2.4834726,-0.14019357,0.27030787;
1679,Walking,1370520498294,-2.3985624,-0.2843578,0.17287487;
1679,Walking,1370520498344,-2.0943515,1.2519683,0.66339964;
1679,Walking,1370520498394,-1.5714508,1.1774428,0.61117065;
1679,Walking,1370520498444,-0.8353582,1.1123856,0.7144069;
1679,Walking,1370520498494,0.8594874,-0.0983493,0.6658431;
1679,Walking,1370520498544,2.1209242,-1.3185526,0.81183994;
1679,Walking,1370520498594,0.21471913,0.5580254,-0.0870483;
1679,Walking,1370520498644,-1.1933253,2.5558603,-0.103847094;
1679,Walking,1370520498694,0.14844026,-0.7415904,-0.1740966;
1679,Walking,1370520498744,0.44715336,-1.3799446,0.17837265;
1679,Walking,1370520498794,1.3164146,-1.0662653,-0.44073927;
1679,Walking,1370520498844,2.3619106,-1.8768835,-0.68844515;
1679,Walking,1370520498896,1.7556267,1.498147,-0.0870483;
1679,Walking,1370520498946,2.007914,-1.947133,0.24129178;
1679,Walking,1370520498996,1.0436633,0.03023783,-0.45204028;
1679,Walking,1370520499046,1.3585643,-1.6905695,-0.600786;
1679,Walking,1370520499096,0.91904676,0.40469822,-0.95630956;
1679,Walking,1370520499147,0.3631594,-0.786489,-0.30909783;
1679,Walking,1370520499197,0.537256,-0.2751948,-0.21930063;
1679,Walking,1370520499250,-0.226631,-0.21105394,0.04184427;
1679,Walking,1370520499300,-2.058005,1.0482447,0.7687739;
1679,Walking,1370520499350,-2.9507847,2.503631,0.2947425;
1679,Walking,1370520499400,-2.2837198,-1.2840388,0.24556783;
1679,Walking,1370520499450,-1.7464638,1.4361442,0.7067711;
1679,Walking,1370520499502,-1.8005253,1.981036,1.244638;
1679,Walking,1370520499552,-1.4434745,1.8154916,0.7370089;
1679,Walking,1370520499605,-0.1872302,0.94042706,0.50426924;
1679,Walking,1370520499655,0.86284715,0.3659083,0.50823987;
1679,Walking,1370520499706,1.8930714,-0.66798115,0.6435465;
1679,Walking,1370520499756,-0.19364429,0.9431759,-0.0106901415;
1679,Walking,1370520499806,-1.0885619,1.4144585,0.20066923;
1679,Walking,1370520499856,-0.16982053,-2.2724187,-0.5983425;
1679,Walking,1370520499906,0.08735373,-0.12095132,-0.2660318;
1679,Walking,1370520499956,2.2354615,-2.522568,-0.19425514;
1679,Walking,1370520500006,2.3561072,-1.6942347,-0.589485;
1679,Walking,1370520500056,1.6609426,1.078788,0.02076942;
1679,Walking,1370520500107,2.289523,-3.2922583,0.0290161;
1679,Walking,1370520500157,1.4456125,-0.37018433,-0.43310347;
1679,Walking,1370520500207,1.5018122,-0.58123827,-0.79229224;
1679,Walking,1370520500257,0.7629707,-0.50762904,-0.6719518;
1679,Walking,1370520500307,0.10903945,-0.5503896,-0.3231477;
1679,Walking,1370520500358,0.2919936,0.07360926,-0.38973203;
1679,Walking,1370520500408,-0.9251554,0.1563815,0.32284227;
1679,Walking,1370520500458,-2.4489589,1.41904,1.0091494;
1679,Walking,1370520500508,-2.604424,1.5592335,-0.01863139;
1679,Walking,1370520500558,-2.4685066,-1.3933836,0.018325957;
1679,Walking,1370520500608,-2.3090706,2.3005185,0.41172317;
1679,Walking,1370520500658,-2.0540345,1.3359623,0.57910025;
1679,Walking,1370520500708,-1.0454959,1.4208726,0.5925393;
1679,Walking,1370520500759,0.33414328,0.54183745,0.49296826;
1679,Walking,1370520500809,1.1930199,-0.044593163,0.6985244;
1679,Walking,1370520500859,2.0109684,-0.8454375,0.59223384;
1679,Walking,1370520500909,-1.3906348,1.3478742,0.008857546;
1679,Walking,1370520500959,-0.015882496,1.1120802,0.14935656;
1679,Walking,1370520501009,-0.23365596,-1.9798143,-0.26450464;
1679,Walking,1370520501059,0.5537493,-0.18661933,-0.26542094;
1679,Walking,1370520501109,2.0977113,-2.8264735,-0.32070425;
1679,Walking,1370520501160,2.4242187,-2.7113254,-0.24648413;
1679,Walking,1370520501210,1.8732183,-0.08979719,0.17806722;
1679,Walking,1370520501260,1.7650951,-2.4318545,-0.37598756;
1679,Walking,1370520501310,1.1982121,-0.8720101,-0.51893;
1679,Walking,1370520501360,1.2660183,-0.61422503,-0.8054258;
1679,Walking,1370520501410,0.5177083,-1.039998,-0.38453966;
1679,Walking,1370520501460,0.1966986,-0.5235115,-0.12767084;
1679,Walking,1370520501510,0.3399465,-0.39064834,-0.11575896;
1679,Walking,1370520501560,-0.9062186,-0.086437434,0.15577064;
1679,Walking,1370520501610,-2.3710735,1.0290025,0.6985244;
1679,Walking,1370520501660,-2.7156014,1.5705346,-0.15515977;
1679,Walking,1370520501710,-2.3967297,-1.9758437,-0.19211712;
1679,Walking,1370520501760,-1.996613,1.3738359,0.5458081;
1679,Walking,1370520501810,-1.7876972,1.0375546,0.7156286;
1679,Walking,1370520501860,-0.9673051,1.3161092,0.5531385;
1679,Walking,1370520501910,0.050396383,0.7626653,0.4175264;
1679,Walking,1370520501960,1.0048733,0.29901853,0.505491;
1679,Walking,1370520502010,2.3096814,-1.2699889,1.0500773;
1679,Walking,1370520502060,-1.1346822,0.4111123,0.018936822;
1679,Walking,1370520502110,-0.082161374,1.3200798,0.04062254;
1679,Walking,1370520502160,0.623388,-2.7488935,-0.40317106;
1679,Walking,1370520502210,-0.038179077,-0.441961,-0.14569137;
1679,Walking,1370520502260,1.5897768,-1.4975362,-0.03848451;
1679,Walking,1370520502310,2.2088888,-3.9703186,-0.6957755;
1679,Walking,1370520502360,1.8781052,0.10720685,0.19730948;
1679,Walking,1370520502410,1.6783522,-2.503631,-0.35430184;
1679,Walking,1370520502460,1.1279627,-1.9107865,-0.4905248;
1679,Walking,1370520502510,0.89919364,-1.0348058,-0.51893;
1679,Walking,1370520502560,0.79443026,-1.4630222,-0.45112398;
1679,Walking,1370520502610,0.28924468,-0.9077458,-0.56199604;
1679,Walking,1370520502660,0.258396,-0.7122689,-0.31123585;
1679,Walking,1370520502710,-0.3839288,-0.4783075,-0.03359759;
1679,Walking,1370520502760,-1.7825048,0.46303585,0.76052725;
1679,Walking,1370520502810,-2.695443,1.1111639,-0.05681047;
1679,Walking,1370520502860,-2.7305677,-2.1300871,-0.39950588;
1679,Walking,1370520502910,-2.0274618,-0.3100141,0.043982297;
1679,Walking,1370520502960,-1.8417587,0.7883216,0.6038403;
1679,Walking,1370520503010,-1.3927728,0.94897914,0.52412236;
1679,Walking,1370520503060,0.16035213,0.3707952,0.54092115;
1679,Walking,1370520503110,0.893085,-0.033292156,0.39675698;
1679,Walking,1370520503160,1.8393153,-0.6603453,0.79320854;
1679,Walking,1370520503210,0.41905355,-0.0693332,0.18020524;
1679,Walking,1370520503260,-0.5671884,1.1976013,0.11301007;
1679,Walking,1370520503310,0.46120325,-1.2040154,-0.38026363;
1679,Walking,1370520503360,-0.3494149,-1.0491611,-0.45204028;
1679,Walking,1370520503410,1.001819,-1.2501358,-0.19547687;
1679,Walking,1370520503460,2.4394903,-3.3762522,-0.4166101;
1679,Walking,1370520503510,1.5986344,-0.9049969,-0.05497787;
1679,Walking,1370520503560,2.0118847,-3.4666603,-0.08399397;
1679,Walking,1370520503610,1.3035865,-1.5491543,-0.2565634;
1679,Walking,1370520503660,1.4269812,-2.5720482,-0.41722095;
1679,Walking,1370520503710,0.9111055,-0.7113526,-0.8729264;
1679,Walking,1370520503760,0.548557,-1.385137,-0.6102544;
1679,Walking,1370520503810,0.12767084,-1.0091494,-0.24465153;
1679,Walking,1370520503860,0.034513887,-0.6750061,-0.17012598;
1679,Walking,1370520503910,-0.94989544,-0.5170974,0.21380283;
1679,Walking,1370520503960,-2.5625796,0.7968737,0.677755;
1679,Walking,1370520504010,-2.702468,0.3998113,-0.18112154;
1679,Walking,1370520504060,-2.2418754,-1.5677856,-0.13652839;
1679,Walking,1370520504110,-2.0274618,0.88178396,0.0015271631;
1679,Walking,1370520504161,-1.4666874,0.96974856,0.36010507;
1679,Walking,1370520504211,-0.68844515,0.90133166,0.38820487;
1679,Walking,1370520504263,0.36957347,0.042760566,0.39400807;
1679,Walking,1370520504313,1.3139712,-0.27091873,0.61086524;
1679,Walking,1370520504363,1.7977765,-0.9007208,0.91232723;
1679,Walking,1370520504413,-0.6768387,0.111177474,0.25534168;
1679,Walking,1370520504463,-0.069027774,0.8249735,-0.30757064;
1679,Walking,1370520504513,0.21533,-1.924531,-0.33964106;
1679,Walking,1370520504563,-0.09437868,-1.2409728,-0.41386122;
1679,Walking,1370520504613,1.3191634,-2.1105394,-0.5006041;
1679,Walking,1370520504665,2.3258693,-3.4031303,-0.20463985;
1679,Walking,1370520504715,1.8060231,-1.2782356,0.09560041;
1679,Walking,1370520504765,2.1200078,-4.0112467,-0.16310102;
1679,Walking,1370520504815,0.9630291,-1.0259482,-0.47311515;
1679,Walking,1370520504865,1.210735,-2.3151793,-0.67103547;
1679,Walking,1370520504915,0.9831876,-0.5858198,-0.77396625;
1679,Walking,1370520504965,0.30298916,-1.1710287,-0.36285394;
1679,Walking,1370520505015,0.115453534,-0.48288897,-0.3145956;
1679,Walking,1370520505065,-0.07574729,-0.7247916,-0.13194689;
1679,Walking,1370520505115,-1.702176,-0.20433442,0.50426924;
1679,Walking,1370520505165,-3.0240884,0.9624182,0.54367006;
1679,Walking,1370520505215,-2.738509,-0.111177474,-0.21197024;
1679,Walking,1370520505265,-2.0317378,-0.13347405,0.10567969;
1679,Walking,1370520505317,-1.7654005,0.83260936,0.66614854;
1679,Walking,1370520505367,-1.5534303,1.3313808,0.3924809;
1679,Walking,1370520505417,-0.4578435,0.86101454,0.44318274;
1679,Walking,1370520505467,0.66339964,0.3359759,0.3924809;
1679,Walking,1370520505517,1.5198327,-0.16371189,0.840856;
1679,Walking,1370520505568,0.72204274,-0.35643986,0.1600467;
1679,Walking,1370520505618,-1.1383474,1.3185526,0.02076942;
1679,Walking,1370520505668,0.077579886,0.20372356,-0.44409904;
1679,Walking,1370520505720,-0.24037547,-1.7394388,-0.29871312;
1679,Walking,1370520505770,1.0467176,-0.80970186,-0.5705481;
1679,Walking,1370520505820,2.0861049,-2.262034,0.017715093;
1679,Walking,1370520505870,1.6939293,-0.98532563,-0.39553526;
1679,Walking,1370520505920,2.209805,-2.4501805,0.23609942;
1679,Walking,1370520505970,1.3451253,-1.4349225,-0.30085114;
1679,Walking,1370520506020,1.4700472,-2.1716259,-0.5128214;
1679,Walking,1370520506070,1.0577132,-0.43401974,-0.6420194;
1679,Walking,1370520506120,0.5012149,-0.8558222,-0.48655418;
1679,Walking,1370520506170,0.03145956,-0.8863655,-0.23518312;
1679,Walking,1370520506222,0.48166725,-0.45906523,-0.22571471;
1679,Walking,1370520506272,-0.04428773,-0.410196,-0.14813483;
1679,Walking,1370520506324,-1.8524488,0.72021013,0.6236934;
1679,Walking,1370520506374,-3.0030136,1.7782288,0.37873647;
1679,Walking,1370520506424,-2.6190848,-0.14874569,0.0421497;
1679,Walking,1370520506476,-2.0247128,0.56138515,0.26328292;
1679,Walking,1370520506526,-2.0005836,1.1221595,0.6588182;
1679,Walking,1370520506576,-1.4242324,1.1704178,0.3933972;
1679,Walking,1370520506626,-0.27885997,0.5681047,0.36163223;
1679,Walking,1370520506677,0.86193085,-0.043066,0.36346483;
1679,Walking,1370520506727,1.951409,-0.77732605,0.90408057;
1679,Walking,1370520506777,0.007330383,0.1957823,0.032986723;
1679,Walking,1370520506827,-0.55741453,1.9819523,0.17623462;
1679,Walking,1370520506877,0.28924468,-1.5244142,-0.441961;
1679,Walking,1370520506927,-0.33444872,-1.0946705,-0.46303585;
1679,Walking,1370520506977,1.1655309,-1.4703526,-0.29077184;
1679,Walking,1370520507027,2.4651468,-1.9853121,-0.18997909;
1679,Walking,1370520507077,1.752267,0.09285152,-0.13164146;
1679,Walking,1370520507127,2.0027218,-2.2944098,-0.02076942;
1679,Walking,1370520507177,1.344209,-0.07147124,-0.3304781;
1679,Walking,1370520507227,1.5992452,-1.7950275,-0.65148777;
1679,Walking,1370520507277,1.0348058,0.18845193,-0.98746365;
1679,Walking,1370520507327,0.34422258,-0.9914343,-0.39064834;
1679,Walking,1370520507377,0.3817908,-0.27030787,-0.25778514;
1679,Walking,1370520507427,0.25534168,-0.25961772,-0.13347405;
1679,Walking,1370520507477,-1.0073168,0.2779437,0.23884831;
1679,Walking,1370520507527,-2.7504208,1.6288722,0.7021896;
1679,Walking,1370520507577,-2.656653,0.38606682,0.0027488936;
1679,Walking,1370520507627,-2.0635028,-1.8674151,0.3182608;
1679,Walking,1370520507677,-2.2702806,2.694832,0.8020661;
1679,Walking,1370520507727,-1.8417587,1.6328428,0.6032294;
1679,Walking,1370520507777,-1.2247849,1.7602082,0.45142943;
1679,Walking,1370520507827,0.2996294,0.7247916,0.5766568;
1679,Walking,1370520507877,1.2623531,-0.09987647,0.87598073;
1679,Walking,1370520507927,1.5247196,-1.2070698,0.7501425;
1679,Walking,1370520507977,-1.5198327,1.5635096,-0.22113322;
1679,Walking,1370520508027,0.099571034,1.5189165,0.106595986;
1679,Walking,1370520508077,0.12797627,-1.3255776,-0.49663344;
1679,Walking,1370520508127,-0.042760566,-0.93523467,-0.25259277;
1679,Walking,1370520508177,0.9773844,-0.84299403,-0.09865474;
1679,Walking,1370520508227,2.4611762,-2.629164,-0.20005837;
1679,Walking,1370520508277,1.777007,0.3313944,-0.06047566;
1679,Walking,1370520508327,2.096184,-2.325564,-0.02107485;
1679,Walking,1370520508377,1.2541064,-0.14172074,-0.48349985;
1679,Walking,1370520508427,1.5351044,-2.1981986,-0.7742717;
1679,Walking,1370520508477,0.8775079,-0.086437434,-0.76144356;
1679,Walking,1370520508527,0.15943582,-1.3741413,-0.12308934;
1679,Walking,1370520508577,0.34330627,-0.22052236,-0.048258353;
1679,Walking,1370520508627,0.32345316,-0.31123585,-0.006414085;
1679,Walking,1370520508679,-1.0858129,0.5002986,0.3811799;
1679,Walking,1370520508729,-3.0271428,1.6844609,0.4801401;
1679,Walking,1370520508779,-2.740036,0.41447207,-0.12889257;
1679,Walking,1370520508830,-2.1227567,-1.205848,0.0888809;
1679,Walking,1370520508880,-2.3218987,1.4065173,0.39522982;
1679,Walking,1370520508930,-1.7880026,1.0372492,0.52748215;
1679,Walking,1370520508980,-0.6927212,1.1224649,0.48166725;
1679,Walking,1370520509030,0.44959682,0.33261612,0.33353242;
1679,Walking,1370520509080,1.2327261,-0.01740966,0.5842926;
1679,Walking,1370520509130,1.6676621,-0.8491027,0.7330383;
1679,Walking,1370520509180,-1.2153164,1.187522,-0.25228736;
1679,Walking,1370520509230,0.042455133,1.2330315,0.07849618;
1679,Walking,1370520509280,-0.48808134,-2.0302107,-0.2742785;
1679,Walking,1370520509330,1.0051788,-0.40591997,0.010995574;
1679,Walking,1370520509381,2.0482311,-2.456289,-0.23060162;
1679,Walking,1370520509431,2.1218405,-1.8765781,-0.6243043;
1679,Walking,1370520509481,1.9358319,-0.13225232,-0.077579886;
1679,Walking,1370520509531,2.0216584,-2.1664336,-0.13225232;
1679,Walking,1370520509581,1.2644911,-0.6918049,-0.70402217;
1679,Walking,1370520509631,1.4285084,-0.88117313,-0.91354895;
1679,Walking,1370520509681,0.52595496,-1.067487,-0.43982297;
1679,Walking,1370520509730,0.20799962,-0.9447031,-0.01863139;
1679,Walking,1370520509783,0.45662177,-0.08674286,-0.100792766;
1679,Walking,1370520509833,-0.63316184,0.055588737,0.160963;
1679,Walking,1370520509883,-2.6725354,1.4801265,0.7254025;
1679,Walking,1370520509933,-2.7009406,1.5195273,-0.13133603;
1679,Walking,1370520509983,-2.2311852,-1.8664987,0.21471913;
1679,Walking,1370520510033,-1.9376645,1.5280794,0.6392705;
1679,Walking,1370520510083,-2.0418172,1.5418239,0.6081163;
1679,Walking,1370520510133,-1.4703526,1.7333301,0.39064834;
1679,Walking,1370520510183,-0.11911872,0.77824235,0.47616947;
1679,Walking,1370520510233,1.1016954,0.38545597,0.52931476;
1679,Walking,1370520510285,1.8979583,-1.0076222,0.68875057;
1679,Walking,1370520510335,-1.026559,0.8597928,-0.27458394;
1679,Walking,1370520510385,-0.31490102,1.3671165,-0.027183503;
1679,Walking,1370520510435,-0.550695,-1.8942931,-0.41050145;
1679,Walking,1370520510485,0.7498371,-0.8738427,-0.18051068;
1679,Walking,1370520510535,1.3594806,-1.3087788,-0.44073927;
1679,Walking,1370520510585,2.3915374,-1.6203201,-0.82650065;
1679,Walking,1370520510635,2.1316142,0.07941248,0.004276057;
1679,Walking,1370520510685,2.1804836,-2.755613,0.17165314;
1679,Walking,1370520510735,1.3023647,0.07574729,-0.453262;
1679,Walking,1370520510785,1.7620409,-2.0610592,-0.77304995;
1679,Walking,1370520510835,0.9288206,0.0693332,-0.8720101;
1679,Walking,1370520510885,0.11942416,-1.0735956,-0.2171626;
1679,Walking,1370520510935,0.25961772,-0.06627888,-0.21380283;
1679,Walking,1370520510985,-0.1591304,-0.22937989,-0.059864793;
1679,Walking,1370520511035,-1.7125608,0.7892379,0.4098906;
1679,Walking,1370520511086,-3.0674598,2.103209,0.49357912;
1679,Walking,1370520511136,-2.4620924,-0.47128254,0.5537493;
1679,Walking,1370520511186,-1.813048,0.8402451,0.7162395;
1679,Walking,1370520511236,-2.3264804,2.3145685,1.1273518;
1679,Walking,1370520511286,-1.690875,2.0958786,0.8060367;
1679,Walking,1370520511336,-0.7309003,1.3775011,0.8240572;
1679,Walking,1370520511386,0.84238315,0.25228736,0.6536258;
1679,Walking,1370520511436,1.7214183,-0.5137377,0.59437186;
1679,Walking,1370520511486,1.2290609,-0.14172074,0.19303341;
1679,Walking,1370520511536,-1.346347,2.082745,0.42058071;
1679,Walking,1370520511586,0.040317107,-0.22449298,-0.061391957;
1679,Walking,1370520511636,-0.46944994,-0.75869465,-0.10903945;
1679,Walking,1370520511686,0.8753699,-0.17959438,-0.43004912;
1679,Walking,1370520511736,2.5152376,-2.682004,-0.33169982;
1679,Walking,1370520511786,1.9538525,1.026559,-0.03940081;
1679,Walking,1370520511836,2.302962,-1.4773777,0.43951756;
1679,Walking,1370520511886,1.5589281,-1.0341948,-0.31520647;
1679,Walking,1370520511936,1.5778649,-1.6783522,-0.70280045;
1679,Walking,1370520511986,0.9138544,0.1591304,-0.6282749;
1679,Walking,1370520512036,0.46181414,-1.4144585,-0.2434298;
1679,Walking,1370520512086,0.160963,-0.3417791,-0.12308934;
1679,Walking,1370520512136,0.1966986,-0.56046885,-0.086132;
1679,Walking,1370520512186,-1.0290025,-0.002443461,0.15241088;
1679,Walking,1370520512236,-3.0347786,1.8493946,0.83199847;
1679,Walking,1370520512286,-2.7299569,0.52595496,-0.15515977;
1679,Walking,1370520512336,-1.8698585,-1.4001031,0.5665775;
1679,Walking,1370520512386,-2.4938574,1.9666806,0.68569624;
1679,Walking,1370520512436,-1.5589281,1.6291776,0.6218608;
1679,Walking,1370520512486,-0.8081747,1.1829406,0.355829;
1679,Walking,1370520512536,0.45051312,0.29443705,0.3115413;
1679,Walking,1370520512586,1.7235563,-0.47403142,0.62858033;
1679,Walking,1370520512636,1.9413297,-0.9462303,0.65393126;
1679,Walking,1370520512686,-1.4535538,0.8921687,0.015882496;
1679,Walking,1370520512736,0.59040123,0.43585235,-0.019242255;
1679,Walking,1370520512786,-0.23762658,-1.5381587,-0.32559118;
1679,Walking,1370520512836,0.057726767,-1.1710287,-0.13622294;
1679,Walking,1370520512886,1.6307048,-2.4174993,-0.5323691;
1679,Walking,1370520512936,2.3506095,-2.8936687,-0.5381723;
1679,Walking,1370520512986,1.8270979,-0.9202685,0.058643065;
1679,Walking,1370520513036,2.2409592,-3.976122,-0.10293079;
1679,Walking,1370520513086,0.73823065,-0.91996306,-0.35979962;
1679,Walking,1370520513136,1.5577064,-3.1929927,-0.473726;
1679,Walking,1370520513189,1.029308,-0.8374963,-0.906524;
1679,Walking,1370520513239,0.3707952,-0.9981538,-0.26053402;
1679,Walking,1370520513289,0.10170906,-0.62888575,-0.14019357;
1679,Walking,1370520513339,0.0729984,-0.6637051,-0.20066923;
1679,Walking,1370520513389,-1.144456,-0.52503866,0.39645153;
1679,Walking,1370520513439,-2.6963592,0.43676865,0.5329799;
1679,Walking,1370520513489,-2.7510316,0.3472769,-0.45570546;
1679,Walking,1370520513539,-2.276084,-1.7803668,-0.61575216;
1679,Walking,1370520513589,-2.1148155,0.14996742,-0.18173242;
1679,Walking,1370520513639,-1.488984,0.09987647,0.21074851;
1679,Walking,1370520513689,-0.5235115,0.41233405,0.26816985;
1679,Walking,1370520513739,0.40469822,0.16707164,0.19547687;
1679,Walking,1370520513789,1.4785993,-0.54000485,0.33322698;
1679,Walking,1370520513839,1.9559906,-1.3289373,0.9117164;
1679,Walking,1370520513889,-1.7275269,0.64965516,0.008552114;
1679,Walking,1370520513939,-0.06261369,1.758681,-0.42943826;
1679,Walking,1370520513989,0.09773844,-1.9010127,-0.3173445;
1679,Walking,1370520514039,0.65179324,-1.3826935,-0.5684101;
1679,Walking,1370520514089,1.9367483,-1.9156734,-0.1414153;
1679,Walking,1370520514139,2.237294,-2.8851166,-0.33353242;
1679,Walking,1370520514189,2.0277672,-0.9456194,0.13652839;
1679,Walking,1370520514239,2.2519548,-4.1874814,0.043982297;
1679,Walking,1370520514289,1.1859949,-0.8481864,-0.5381723;
1679,Walking,1370520514339,1.3249667,-2.2091942,-0.6722572;
1679,Walking,1370520514389,0.7987063,-0.64568454,-0.64904433;
1679,Walking,1370520514439,0.064446285,-1.0885619,-0.2406809;
1679,Walking,1370520514489,0.09407325,-0.65576386,-0.23701571;
1679,Walking,1370520514539,-0.19242255,-0.7079928,-0.080634214;
1679,Walking,1370520514589,-1.672549,-0.032070424,0.5900958;
1679,Walking,1370520514639,-3.0692923,1.4880677,0.03848451;
1679,Walking,1370520514689,-2.6667323,-1.593442,-0.35888332;
1679,Walking,1370520514739,-2.1481075,-0.5177083,0.022907447;
1679,Walking,1370520514790,-1.7880026,0.5561928,0.40103304;
1679,Walking,1370520514842,-1.41904,1.171945,0.45845437;
1679,Walking,1370520514892,-0.09162979,0.91813046,0.5928447;
1679,Walking,1370520514942,0.84940815,0.535118,0.4175264;
1679,Walking,1370520514992,2.0570886,-0.84879726,0.86620694;
1679,Walking,1370520515042,-0.4654793,-0.20158553,0.112399206;
1679,Walking,1370520515093,-1.1563679,2.0659463,-0.05681047;
1679,Walking,1370520515143,-0.019547688,-0.15668693,-0.27550024;
1679,Walking,1370520515193,-0.12095132,-1.6917913,-0.17837265;
1679,Walking,1370520515243,0.6560693,-0.6921103,-0.5748242;
1679,Walking,1370520515293,1.9477439,-2.1704042,-0.4147775;
1679,Walking,1370520515343,2.1203132,-1.0806206,-0.2144137;
1679,Walking,1370520515393,2.5686884,-2.4736989,0.42852196;
1679,Walking,1370520515443,1.5384641,-0.35369098,-0.40225476;
1679,Walking,1370520515494,1.493871,-1.8845193,-0.752586;
1679,Walking,1370520515544,0.9633345,-0.9392053,-0.9053023;
1679,Walking,1370520515594,0.4083634,-1.0760391,-0.5299256;
1679,Walking,1370520515644,0.2611449,-0.34972036,-0.19792034;
1679,Walking,1370520515694,0.56321776,-0.2648101,-0.07819075;
1679,Walking,1370520515744,-0.36193767,-0.079107046,0.03268129;
1679,Walking,1370520515794,-1.8530598,0.66828656,0.6383542;
1679,Walking,1370520515844,-2.9752192,2.2186625,0.3885103;
1679,Walking,1370520515894,-2.3316727,-1.9816469,0.14874569;
1679,Walking,1370520515944,-1.6194037,-0.65026605,0.19639318;
1679,Walking,1370520515994,-2.1713204,0.8933904,0.5833763;
1679,Walking,1370520516044,-1.1951579,1.4697418,0.44929138;
1679,Walking,1370520516094,-0.08032878,1.1319333,0.46486846;
1679,Walking,1370520516144,0.97097033,0.12492194,0.46670106;
1679,Walking,1370520516194,1.887879,-0.59956425,1.0626001;
1679,Walking,1370520516244,-0.6001751,-1.0458013,0.5021312;
1679,Walking,1370520516294,-0.56107974,1.5109752,-0.3368922;
1679,Walking,1370520516344,-0.009773844,-0.6948592,-0.4810564;
1679,Walking,1370520516394,0.46578476,-1.9367483,-0.22999077;
1679,Walking,1370520516445,1.2061534,-1.4972308,-0.6560693;
1679,Walking,1370520516495,2.3044891,-3.7082574,-0.269697;
1679,Walking,1370520516545,1.8952094,-1.3213016,-0.28588495;
1679,Walking,1370520516595,2.4178047,-3.9953642,0.30573806;
1679,Walking,1370520516645,0.84513205,-0.3213151,-0.43310347;
1679,Walking,1370520516697,1.2681563,-2.7983737,-0.8191703;
1679,Walking,1370520516747,1.0430524,-1.1297953,-0.9896017;
1679,Walking,1370520516797,0.3930918,-0.7296785,-0.56107974;
1679,Walking,1370520516847,0.24831672,-0.25442538,-0.19211712;
1679,Walking,1370520516897,0.014049901,-0.6072,-0.26450464;
1679,Walking,1370520516948,-1.42973,-0.25228736,0.5494733;
1679,Walking,1370520516998,-3.0833423,1.2932017,0.5681047;
1679,Walking,1370520517048,-2.4602597,-0.4392121,-0.124005646;
1679,Walking,1370520517098,-2.2583687,-1.5806139,-0.18661933;
1679,Walking,1370520517148,-2.1789563,0.5925393,0.30298916;
1679,Walking,1370520517199,-1.675298,0.8350528,0.49235737;
1679,Walking,1370520517249,-0.5549711,0.893085,0.7098254;
1679,Walking,1370520517299,0.72692966,0.21502456,0.5030475;
1679,Walking,1370520517354,1.9504927,-1.1301007,0.93951076;
1679,Walking,1370520517406,-0.8891144,0.8912524,-0.005192355;
1679,Walking,1370520517456,-0.3555236,1.8628336,0.2144137;
1679,Walking,1370520517506,-0.13713925,-2.0237966,-0.46120325;
1679,Walking,1370520517557,0.21074851,-0.7156286,-0.21899518;
1679,Walking,1370520517607,1.4095715,-1.7556267,-0.49571714;
1679,Walking,1370520517657,2.375655,-2.792265,-0.61422503;
1679,Walking,1370520517707,1.8558086,0.6759224,0.004581489;
1679,Walking,1370520517757,2.13925,-3.0338624,0.013133603;
1679,Walking,1370520517807,0.9783007,-0.72295904,-0.698219;
1679,Walking,1370520517857,1.3674219,-1.7186694,-0.9639453;
1679,Walking,1370520517907,0.795652,-0.4541783,-0.79076505;
1679,Walking,1370520517957,0.082161374,-0.9288206,-0.10995574;
1679,Walking,1370520518007,0.25167647,-0.13836098,-0.25809056;
1679,Walking,1370520518057,-0.49663344,-0.28344148,0.017104227;
1679,Walking,1370520518107,-2.1218405,0.81183994,0.593761;
1679,Walking,1370520518157,-2.9538388,1.6307048,0.26267207;
1679,Walking,1370520518207,-2.3985624,-1.8124372,0.050396383;
1679,Walking,1370520518257,-2.0222695,1.3035865,0.54428095;
1679,Walking,1370520518307,-1.7434094,1.7088956,0.96852684;
1679,Walking,1370520518357,-1.4114041,1.5259414,0.552833;
1679,Walking,1370520518407,-0.16523905,0.6441574,0.5143485;
1679,Walking,1370520518457,0.8924741,0.09743301,0.49388456;
1679,Walking,1370520518507,2.087632,-0.7501425,0.72509706;
1679,Walking,1370520518557,-0.5369505,0.6560693,-0.11148291;
1679,Walking,1370520518607,-0.17073683,1.7461584,0.22021692;
1679,Walking,1370520518657,0.24953845,-1.9214766,-0.37690386;
1679,Walking,1370520518707,0.0012217305,-0.78801614,-0.057726767;
1679,Walking,1370520518757,1.6624697,-1.8939877,-0.19456059;
1679,Walking,1370520518807,2.3130412,-2.0909917,-0.5045747;
1679,Walking,1370520518857,1.7281377,0.700357,0.065973446;
1679,Walking,1370520518907,1.8063285,-2.4431555,-0.14721853;
1679,Walking,1370520518957,1.2257011,-0.54611355,-0.5235115;
1679,Walking,1370520519007,1.4462235,-1.6258179,-0.6627888;
1679,Walking,1370520519057,0.9053023,-0.1282817,-0.90408057;
1679,Walking,1370520519107,0.14721853,-1.2012665,-0.2312125;
1679,Walking,1370520519157,0.30757064,-0.38453966,-0.13622294;
1679,Walking,1370520519207,0.08399397,-0.37965274,-0.044593163;
1679,Walking,1370520519257,-1.3374895,0.5360342,0.46486846;
1679,Walking,1370520519307,-3.0949488,1.7119498,0.5497787;
1679,Walking,1370520519357,-2.611449,0.040011674,0.1518;
1679,Walking,1370520519407,-2.2024746,-0.88208944,0.23884831;
1679,Walking,1370520519457,-2.4544566,1.6588045,1.0910053;
1679,Walking,1370520519507,-1.808772,1.565953,1.0919216;
1679,Walking,1370520519557,-0.17867808,1.2577715,1.0842859;
1679,Walking,1370520519607,0.8668178,0.4373795,0.5458081;
1679,Walking,1370520519657,1.8121318,-1.0115929,0.13683382;
1679,Walking,1370520519707,0.9825767,0.45875978,-0.17501289;